// MilkShape 3D ASCII File
Frames: 30
Frame: 1
Meshes: 2
"front" 0 -1
12
1 20.000000 80.000000 -40.000000 0.000000 0.000000 -1
1 20.000000 0.000000 40.000000 1.000000 1.000000 -1
1 20.000000 0.000000 -40.000000 0.000000 1.000000 -1
1 20.000000 0.000000 40.000000 1.000000 1.000000 -1
1 20.000000 80.000000 -40.000000 0.000000 0.000000 -1
1 20.000000 80.000000 40.000000 1.000000 0.000000 -1
1 -20.000000 80.000000 40.000000 1.000000 0.000000 -1
1 -20.000000 0.000000 -40.000000 0.000000 1.000000 -1
1 -20.000000 0.000000 40.000000 1.000000 1.000000 -1
1 -20.000000 0.000000 -40.000000 0.000000 1.000000 -1
1 -20.000000 80.000000 40.000000 1.000000 0.000000 -1
1 -20.000000 80.000000 -40.000000 0.000000 0.000000 -1
4
1.000000 0.000000 0.000000
1.000000 -0.000000 0.000000
-1.000000 -0.000000 0.000000
-1.000000 0.000000 0.000000
4
1 0 1 2 0 0 0 1
1 3 4 5 0 0 0 1
1 6 7 8 0 0 0 1
1 9 10 11 0 0 0 1
"side" 0 -1
24
1 20.000000 80.000000 -40.000000 1.000000 0.000000 -1
1 -20.000000 0.000000 -40.000000 0.000000 1.000000 -1
1 -20.000000 80.000000 -40.000000 0.000000 0.000000 -1
1 -20.000000 0.000000 -40.000000 0.000000 1.000000 -1
1 20.000000 80.000000 -40.000000 1.000000 0.000000 -1
1 20.000000 0.000000 -40.000000 1.000000 1.000000 -1
1 20.000000 0.000000 40.000000 1.000000 1.000000 -1
1 -20.000000 80.000000 40.000000 0.000000 0.000000 -1
1 -20.000000 0.000000 40.000000 0.000000 1.000000 -1
1 -20.000000 80.000000 40.000000 0.000000 0.000000 -1
1 20.000000 0.000000 40.000000 1.000000 1.000000 -1
1 20.000000 80.000000 40.000000 1.000000 0.000000 -1
1 -20.000000 80.000000 40.000000 0.000000 1.000000 -1
1 20.000000 80.000000 -40.000000 1.000000 0.000000 -1
1 -20.000000 80.000000 -40.000000 0.000000 0.000000 -1
1 20.000000 80.000000 -40.000000 1.000000 0.000000 -1
1 -20.000000 80.000000 40.000000 0.000000 1.000000 -1
1 20.000000 80.000000 40.000000 1.000000 1.000000 -1
1 20.000000 0.000000 40.000000 1.000000 1.000000 -1
1 -20.000000 0.000000 -40.000000 0.000000 0.000000 -1
1 20.000000 0.000000 -40.000000 1.000000 0.000000 -1
1 -20.000000 0.000000 -40.000000 0.000000 0.000000 -1
1 20.000000 0.000000 40.000000 1.000000 1.000000 -1
1 -20.000000 0.000000 40.000000 0.000000 1.000000 -1
8
-0.000000 0.000000 -1.000000
0.000000 0.000000 -1.000000
0.000000 0.000000 1.000000
-0.000000 0.000000 1.000000
0.000000 1.000000 0.000000
0.000000 1.000000 -0.000000
0.000000 -1.000000 -0.000000
0.000000 -1.000000 0.000000
8
1 0 1 2 0 0 0 1
1 3 4 5 0 0 0 1
1 6 7 8 0 0 0 1
1 9 10 11 0 0 0 1
1 12 13 14 0 0 0 1
1 15 16 17 0 0 0 1
1 18 19 20 0 0 0 1
1 21 22 23 0 0 0 1
Materials: 0
Bones:0
